7.071068
7.049271
6.984016
6.875705
6.725006
6.532846
6.300412
6.029136
5.720691
5.376978
5.000115
4.592428
4.156428
3.694803
3.210401
2.706207
2.185329
1.650978
1.106449
0.555100
0.000327
-0.554447
-1.105803
-1.650343
-2.184707
-2.705603
-3.209820
-3.694247
-4.155899
-4.591931
-4.999653
-5.376554
-5.720306
-6.028794
-6.300114
-6.532595
-6.724802
-6.875551
-6.983913
-7.049219
-7.071068
-7.049324
-6.984120
-6.875860
-6.725211
-6.533101
-6.300716
-6.029486
-5.721085
-5.377414
-5.000590
-4.592939
-4.156974
-3.695380
-3.211004
-2.706832
-2.185972
-1.651640
-1.107122
-0.555778
-0.001008
0.553768
1.105127
1.649676
2.184058
2.704972
3.209210
3.693667
4.155349
4.591416
4.999174
5.376113
5.719910
6.028442
6.299810
6.532339
6.724596
6.875396
6.983809
7.049168
