-3.536290
-3.044976
-2.534889
-2.009176
-1.471076
-0.923907
-0.371039
0.184114
0.738131
1.287598
1.829127
2.359379
2.875086
3.373068
3.850255
4.303706
4.730624
5.128381
5.494516
5.826783
6.123125
6.381719
6.600969
6.779525
6.916285
7.010406
7.061309
7.068679
7.032471
6.952908
6.830479
6.665942
6.460309
6.214850
5.931076
5.610736
5.255809
4.868476
4.451134
4.006348
3.536863
3.045576
2.535508
2.009814
1.471727
0.924567
0.371710
-0.183445
-0.737463
-1.286941
-1.828478
-2.358742
-2.874466
-3.372474
-3.849691
-4.303170
-4.730120
-5.127909
-5.494089
-5.826398
-6.122784
-6.381423
-6.600722
-6.779330
-6.916143
-7.010317
-7.061273
-7.068696
-7.032542
-6.953030
-6.830655
-6.666169
-6.460582
-6.215171
-5.931440
-5.611141
-5.256255
-4.868958
-4.451645
-4.006893
