-3.535156
-4.004724
-4.449602
-4.867049
-5.254492
-5.609540
-5.930006
-6.213912
-6.459511
-6.665287
-6.829972
-6.952550
-7.032266
-7.068628
-7.061412
-7.010663
-6.916693
-6.780082
-6.601673
-6.382563
-6.124106
-5.827894
-5.495753
-5.129730
-4.732084
-4.305263
-3.851901
-3.374793
-2.876878
-2.361229
-1.831022
-1.289524
-0.740083
-0.186075
0.369079
0.921955
1.469150
2.007288
2.533051
3.043198
3.534581
4.004177
4.449087
4.866568
5.254047
5.609133
5.929641
6.213593
6.459238
6.665063
6.829797
6.952428
7.032195
7.068610
7.061447
7.010751
6.916833
6.780275
6.601916
6.382856
6.124447
5.828279
5.496182
5.130203
4.732592
4.305804
3.852476
3.375392
2.877499
2.361866
1.831678
1.290191
0.740751
0.186751
-0.368408
-0.921295
-1.468496
-2.006650
-2.532434
-3.042604
