141.421356
140.985428
139.680328
137.514099
134.500107
130.656921
126.008247
120.582726
114.413818
107.539558
100.002312
91.848564
83.128563
73.896072
64.208023
54.124146
43.706585
33.019562
22.128988
11.101992
0.006535
-11.088945
-22.116064
-33.006851
-43.694138
-54.112064
-64.196396
-73.884941
-83.117989
-91.838615
-99.993057
-107.531075
-114.406120
-120.575882
-126.002274
-130.651886
-134.496033
-137.511017
-139.678268
-140.984390
-141.421356
-140.986465
-139.682404
-137.517197
-134.504227
-130.662018
-126.014313
-120.589714
-114.421707
-107.548271
-100.011810
-91.858780
-83.139488
-73.907600
-64.220078
-54.136635
-43.719448
-33.032791
-22.142431
-11.115559
-0.020161
11.075360
22.102537
32.993519
43.681164
54.099445
64.184212
73.873337
83.106979
91.828316
99.983482
107.522255
114.398201
120.568840
125.996208
130.646774
134.491913
137.507919
139.676178
140.983353
