2.828427
2.819708
2.793607
2.750282
2.690002
2.613138
2.520165
2.411654
2.288276
2.150791
2.000046
1.836971
1.662571
1.477921
1.284160
1.082483
0.874132
0.660391
0.442580
0.222040
0.000131
-0.221779
-0.442321
-0.660137
-0.873883
-1.082241
-1.283928
-1.477699
-1.662360
-1.836772
-1.999861
-2.150621
-2.288122
-2.411518
-2.520046
-2.613038
-2.689921
-2.750221
-2.793565
-2.819688
-2.828427
-2.819729
-2.793648
-2.750344
-2.690084
-2.613240
-2.520286
-2.411794
-2.288434
-2.150965
-2.000236
-1.837176
-1.662790
-1.478152
-1.284402
-1.082733
-0.874389
-0.660656
-0.442849
-0.222311
-0.000403
0.221507
0.442051
0.659870
0.873623
1.081989
1.283684
1.477467
1.662140
1.836566
1.999670
2.150445
2.287964
2.411377
2.519924
2.612936
2.689838
2.750158
2.793524
2.819667
