-162.617172
-184.217285
-204.681702
-223.884277
-241.706650
-258.038849
-272.780243
-285.839966
-297.137512
-306.603180
-314.178711
-319.817291
-323.484222
-325.156891
-324.824951
-322.490479
-318.167877
-311.883789
-303.676941
-293.597900
-281.708893
-268.083130
-252.804657
-235.967606
-217.675858
-198.042084
-177.187439
-155.240463
-132.336411
-108.616531
-84.227020
-59.318104
-34.043800
-8.559464
16.977640
42.409927
67.580910
92.335266
116.520370
139.987122
162.590744
184.192139
204.657990
223.862106
241.686157
258.020111
272.763489
285.825317
297.124939
306.592926
314.170685
319.811676
323.480957
325.156036
324.826569
322.494537
318.174316
311.892639
303.688171
293.611359
281.724579
268.100830
252.824402
235.989349
217.699219
198.066971
177.213882
155.268021
132.364944
108.645813
84.257179
59.348804
34.074547
8.590523
-16.946770
-42.379581
-67.550819
-92.305908
-116.491936
-139.959778
