-162.669327
-140.068878
-116.604919
-92.422104
-67.669502
-42.499722
-17.067778
8.469234
33.954037
59.229507
84.139839
108.531448
132.253952
155.161133
177.111740
197.970459
217.608719
235.905518
252.747757
268.032013
281.663757
293.559052
303.644562
311.858124
318.149109
322.478699
324.820221
325.159241
323.493652
319.833771
314.202057
306.633331
297.174225
285.883118
272.829468
258.093872
241.767227
223.949890
204.752151
184.291992
162.695694
140.096497
116.633354
92.451447
67.699432
42.530064
17.098648
-8.438486
-33.923290
-59.199265
-84.109970
-108.502151
-132.225433
-155.133820
-177.085800
-197.945816
-217.585510
-235.883804
-252.728104
-268.014313
-281.648071
-293.545471
-303.633209
-311.849182
-318.142578
-322.474579
-324.818573
-325.160034
-323.496918
-319.839386
-314.210114
-306.643799
-297.186768
-285.897858
-272.846222
-258.112518
-241.787704
-223.972092
-204.775681
-184.317078
