325.269135
324.266479
321.264771
316.282440
309.350250
300.510925
289.818970
277.340271
263.151764
247.340973
230.005310
211.251694
191.195694
169.960953
147.678467
124.485535
100.525146
75.944992
50.896671
25.534582
0.015031
-25.504574
-50.866947
-75.915756
-100.496521
-124.457748
-147.651718
-169.935364
-191.171371
-211.228821
-229.984039
-247.321472
-263.134064
-277.324524
-289.805237
-300.499359
-309.340881
-316.275360
-321.260010
-324.264099
-325.269135
-324.268890
-321.269531
-316.289551
-309.359711
-300.522644
-289.832916
-277.356323
-263.169922
-247.361023
-230.027161
-211.275192
-191.220825
-169.987488
-147.706177
-124.514267
-100.554733
-75.975426
-50.927589
-25.565786
-0.046371
25.473330
50.835835
75.885094
100.466675
124.428726
147.623688
169.908676
191.146042
211.205124
229.962021
247.301193
263.115875
277.308319
289.791290
300.487579
309.331390
316.268219
321.255219
324.261688
